
----------CLIMATE SUMMARY FROM OSSM--------------

 1, 1,2005, 0,12,   5.8,167                                                                                                                                                                                                                                     
LAT  1   1.0  LONG ***   0.0 :  Total number of data points =   21051
WIND DIRECTION vs SPEED from raw station data


SEP

      |                                   SPEED (KNOTS)                            | TOTAL|MEAN
16 PT.| 1 - 3| 4 - 6|  7-10| 11-16| 17-21| 22-27| 28-33| 34-40| 41-47| 48-55|  >=56|PERCNT|WIND
 DIR. |      |      |      |      |      |      |      |      |      |      |      |      |SPEED

    N    0.7    3.2    2.8    1.3    0.1    0.0    0.0    0.0    0.0    0.0    0.0    8.1    7.4
  NNE    1.4    6.3    6.5    1.7    0.2    0.0    0.0    0.0    0.0    0.0    0.0   16.0    7.2
   NE    2.7    3.9    1.3    0.1    0.0    0.0    0.0    0.0    0.0    0.0    0.0    8.0    4.4
  ENE    0.4    0.2    0.0    0.0    0.0    0.0    0.0    0.0    0.0    0.0    0.0    0.6    2.8
    E    0.9    1.0    0.4    0.1    0.0    0.0    0.0    0.0    0.0    0.0    0.0    2.5    4.5
  ESE    0.7    1.2    0.3    0.2    0.0    0.0    0.0    0.0    0.0    0.0    0.0    2.3    4.8
   SE    0.8    2.1    1.1    0.1    0.0    0.0    0.0    0.0    0.0    0.0    0.0    4.1    5.4
  SSE    0.4    2.6    2.3    0.2    0.0    0.0    0.0    0.0    0.0    0.0    0.0    5.6    6.6
    S    0.4    5.4    5.0    2.0    0.1    0.0    0.0    0.0    0.0    0.0    0.0   12.9    7.6
  SSW    0.6    3.2    4.4    2.9    0.3    0.0    0.0    0.0    0.0    0.0    0.0   11.4    8.8
   SW    0.7    1.6    1.2    0.8    0.0    0.0    0.0    0.0    0.0    0.0    0.0    4.4    7.0
  WSW    0.5    0.6    0.3    0.2    0.0    0.0    0.0    0.0    0.0    0.0    0.0    1.6    5.6
    W    0.4    0.8    0.4    0.3    0.0    0.0    0.0    0.0    0.0    0.0    0.0    1.9    6.2
  WNW    0.6    1.6    1.0    0.4    0.1    0.0    0.0    0.0    0.0    0.0    0.0    3.7    6.4
   NW    0.7    2.0    1.5    0.8    0.1    0.0    0.0    0.0    0.0    0.0    0.0    5.0    7.1
  NNW    0.3    1.0    1.7    1.1    0.1    0.0    0.0    0.0    0.0    0.0    0.0    4.3    8.7
  VAR      0      0      0      0      0      0      0      0      0      0      0      0      0
  CLM      0      0      0      0      0      0      0      0      0      0      0    7.8      0
  ALL   12.1   36.6   30.1   12.3    0.9    0.1    0.0    0.0    0.0    0.0    0.0  100.0    6.4
